0.02192031
0.037476659
0.080610173
0.115965512
0.168291414
0.203646753
0.234759451
0.262336616
0.299106168
0.330925974
0.37335238
0.428506709
0.476589971
0.524673232
0.574877813
0.631446356
0.691550432
0.762968217
0.82590072
0.899439826
0.987121067
1.066317026
1.147634306
1.252993216
1.356230806
1.459468396
1.561291773
1.680792819
1.774130914
1.858983728
1.961514211
2.084550791
2.20122341
2.298804146
2.422547832
2.549119946
2.653064643
2.720239787
2.836912406
2.957120559
3.08439978
3.204607932
3.329765833
3.388455695
3.50159278
3.659277593
3.779485745
3.877066481
3.932927917
4.039701041
4.18041529
4.352949345
4.500734662
4.644984446
4.841560131
4.991466768
5.169657677
5.30966482
5.439065361
5.615842056
5.750192345
5.900098982
6.045055872
6.19496251
6.400730583
6.60579155
6.789639313
6.95722362
7.095109442
7.272593245
7.512302443
7.731505545
7.928081231
8.081523402
8.279513301
8.475381879
8.701656049
8.876311424
9.074301323
9.280069396
9.499979605
9.67039234
9.73403195
9.794136026
9.854947209
9.895959403
9.972326935
10.04940157
10.15829602
10.2601194
10.36972095
10.4800296
10.56417531
10.66387737
10.85903884
11.00753126
11.21754198
11.39431867
11.51664815
11.6686761
11.86525179
12.03212899
12.31143617
12.49033418
12.68620276
12.85449418
13.1069313
13.263909
13.46472733
13.69312282
13.88828429
14.14284273
14.34507527
14.58549158
14.81035153
15.07127393
15.22188768
15.50897303
15.77484518
16.04354576
16.30446816
16.48478039
16.78671499
17.01016073
17.26966892
17.50513548
17.78090712
18.03829399
18.25537577
18.30840878
18.362856
18.95258306
19.52887508
19.55503803
19.65403298
19.82727414
19.98000921
20.35760423
20.65529619
21.20896079
21.7626254
22.34457429
22.70590585
23.08279377
23.32321007
23.71848276
23.98152648
24.58539568
25.10724048
25.66019798
26.13325242
26.59499315
27.02067143
27.50716089
27.93991025
28.25386566
28.5819632
28.89026176
29.29472684
29.56413452
29.95940721
30.21537987
30.57246879
30.84965465
31.13532579
31.47120151
31.72646706
31.99870317
32.22780577
32.58418758
32.80339069
32.95895418
33.10886082
33.24674664
33.40584566
#27.52748348
#27.97031114
#28.3074837
#28.46452297
#28.97836471
#29.44544108
#29.78434569
#30.09207338
#30.16193276
#30.51758053
#30.87380564
#31.32760296
#31.69826183
#32.15436854
#32.51867656
#32.83852861
#33.35814385
#33.79750741
#34.03479837
#34.42508715
#34.79228192
#35.20624206
#35.43025397
#35.67389578
#35.95852947
#36.31533193
#36.59881091
#36.7824083
#37.09071334
#37.46021752
#37.87302296
#38.23328953
#38.69921119
#39.01098034
#39.18014397
#39.52309003
#39.80541431
#40.12873046
#40.30713169
#40.50862694
#40.70954483
#40.87813111
#41.09810156
#41.39197285
#41.83768726
#42.18525212
#42.49297981
#42.92137371
#43.3139719
#43.71638503
#44.14304688
#44.66670358
#45.05410561
#45.49346916
#45.9051199
#46.31792535
#46.73477224
#47.02056062
#47.31731866
#47.56962073
#47.74859931
#48.07480221
#48.27918421
#48.56439524
#48.75087938
#49.02685281
#49.35363306
#49.51933259
#49.77221201
#49.99391451
#50.28085759
#50.6220716
#50.89169418
#51.14630565
