0.007778175
0.005656854
0.007778175
0.012727922
0.014849242
0.018384776
0.021213203
0.024748737
0.028991378
0.031819805
0.035355339
0.038890873
0.042426407
0.045254834
0.049497475
0.052325902
0.053740115
0.057275649
0.057982756
0.05939697
0.060104076
0.06151829
0.062932504
0.06363961
0.065053824
0.067175144
0.067882251
0.067882251
0.069296465
0.070003571
0.069296465
0.072124892
0.071417785
0.071417785
0.069296465
0.069296465
0.069296465
0.069296465
0.068589358
0.067882251
0.067882251
0.068589358
0.067882251
0.062225397
0.062225397
0.062932504
0.062225397
0.05939697
0.057275649
0.056568542
0.057275649
0.055154329
0.055861436
0.056568542
0.055861436
0.053740115
0.051618795
0.048083261
0.046669048
0.045961941
0.045961941
0.043133514
0.0417193
0.038183766
0.036769553
0.034648232
0.031112698
0.028284271
0.023334524
0.022627417
0.021213203
0.01767767
0.012727922
0.011313708
0.005656854
0.000707107
0.004242641
0.009899495
0.018384776
0.021213203
0.024041631
0.026870058
0.030405592
0.031112698
0.034648232
0.038890873
0.045254834
0.052325902
0.053740115
0.064346717
0.065760931
0.071417785
0.078488853
0.084852814
0.089802561
0.097580736
0.109601551
0.113137085
0.121622366
0.129400541
0.140714249
0.146371104
0.157684812
0.160513239
0.164048773
0.168998521
0.176776695
0.180312229
0.193040151
0.201525433
0.210717821
0.22627417
0.234052345
0.24395184
0.253851334
0.273650324
0.281428499
0.300520382
0.30971277
0.330218867
0.342239682
0.363452886
0.381130555
0.394565584
0.41082904
0.427799603
0.444770165
0.473054437
0.49638896
0.507702669
0.538815367
0.55790725
0.578413347
0.603869191
0.622961074
0.633567676
0.661851947
0.675994083
0.695085966
0.724077344
0.745290547
0.771453498
0.794788022
0.820243866
0.84145707
0.871155554
0.900854039
0.935502272
0.951765727
0.983585533
1.013284017
1.038032755
1.070559667
1.097429724
1.134199277
1.156119587
1.202081528
1.233194226
1.260064284
1.301783584
1.325825215
1.371787156
1.407142495
1.448861795
1.476438959
1.526643541
1.569777054
1.612910568
1.651801441
1.70695577
1.736654255
1.79251569
1.833527884
1.883025358
1.919794911
1.979191881
2.025860928
2.059802054
2.111420849
2.153140149
2.195566556
2.253549312
2.316481815
2.349008727
2.399213309
2.464267132
2.517300141
2.578111324
2.640336721
2.681348914
2.73721035
2.805092601
2.85812561
2.910451511
2.964898734
3.039852052
3.102077449
3.179152088
3.230770883
3.276025717
3.338251114
3.401183618
3.43795317
3.546140508
3.593516662
3.630286215
3.704532427
3.757565435
3.812719764
3.887673083
3.972525897
4.008588343
4.103340651
4.166980262
4.241226474
4.334564569
4.410932101
4.444873227
4.541039749
4.616700174
4.67468293
4.734787007
4.801255044
4.878329683
4.924291624
4.99995205
5.067127194
5.129352591
5.20854855
5.28986583
5.32946381
5.419973478
5.492098369
5.548666912
5.632105512
5.704230404
5.773526868
5.826559877
5.931918787
5.999093932
6.041520338
6.120009191
6.201326471
6.237388917
6.309513809
6.390831088
6.435378816
6.515281882
6.583164133
6.664481413
6.697715431
6.815802264
6.861057098
6.936717523
6.995407386
7.043490647
7.083088627
7.189154644
7.221681556
7.271179031
7.367345553
7.438056231
7.49108924
7.554021743
7.650895372
7.685543605
7.780295913
7.869391368
7.951415754
8.034854355
8.148698546
8.186175206
8.320525494
8.374972716
8.444976288
8.538314383
8.679028632
8.717919505
8.813378921
8.879139851
8.951264743
9.038945984
9.101878487
9.193095262
9.268048581
9.398156229
9.469574014
9.584125312
9.673220767
9.775044143
9.808278162
9.908687325
10.01475334
10.04586604
10.14910363
10.25729097
10.343558
10.44891691
10.57831745
10.64761391
10.76640785
10.85196777
10.95591247
11.01248101
11.13551759
11.26491813
11.3031019
11.40704659
11.53644714
11.59089436
11.71180962
11.8355533
11.87232286
12.02435081
12.13890211
12.22941178
12.35456968
12.47194941
12.57306568
12.65438296
12.81136066
12.91176982
13.01783584
13.16491405
13.26885875
13.33603389
13.482405
13.5559441
13.64857509
13.77019746
13.90101221
13.92646806
14.10395186
14.1817336
14.2750717
14.38325904
14.5041743
14.59185554
14.68731495
14.84570687
14.92773126
15.05288916
15.20491712
15.2763349
15.34704558
15.50826592
15.57190554
15.64968728
15.76848122
15.80100813
15.85262693
15.9848559
16.14395492
16.1934524
16.34194482
16.47417379
16.56114792
16.71246877
16.91045867
16.95571351
17.13956127
17.28451816
17.42169687
17.57160351
17.76959341
17.85656755
17.96192646
18.15567371
18.26668948
18.3317433
18.4257885
18.54528955
18.60115099
18.77934189
18.89955005
18.97521047
19.13643082
19.2806806
19.38250398
19.54018879
19.73322894
19.81596044
19.95313915
20.08536812
20.23386054
20.36396819
20.6043845
20.68923731
20.81934496
20.95015971
21.03854806
21.1050161
21.29876336
21.49887458
21.59362688
21.79515232
21.95637266
22.1168859
22.28447021
22.4923596
22.58428348
22.74833226
22.93359423
23.05450949
23.17188922
23.33593799
23.46463143
23.51837154
23.99920415
24.01334629
24.04799452
24.15547475
24.51256368
24.66176321
24.92763536
25.10229073
25.09451256
25.08319885
25.12350394
25.23734813
25.25219737
25.35260653
25.36392024
25.494735
25.68423961
25.94445491
26.35952659
26.78449776
26.95703182
27.2992715
27.75959802
28.08486714
28.55650736
28.84854246
29.17381158
29.50120202
29.77697366
30.03436053
30.27265552
30.56469062
30.80439982
31.06815064
31.25199841
31.57938885
31.74697315
31.97819707
32.19598596
32.47175761
32.65419116
32.84228156
33.08128365
33.25169639
33.61161374
33.85132294
34.05214126
34.37811749
34.6715668
34.80874552
35.10219483
35.35321774
35.55898581
35.77889602
36.02850472
36.20810984
36.40963527
36.68187138
36.91521662
37.18674562
37.45968884
37.77788689
37.99991842
38.41428299
38.60449472
38.92057145
39.17937253
39.49049952
39.66091225
39.92607729
40.19477787
40.39347488
40.62257747
40.9273405
41.12533039
41.32897715
41.61111275
41.72849248
42.02547733
42.36983833
42.61237595
42.83794302
43.15472686
43.32796802
43.61505337
43.90496715
44.13406975
44.39145662
44.63823688
44.90623035
45.05048014
45.39625535
45.60273053
45.79152804
45.99234637
46.34307133
46.41731754
46.59055871
46.9653253
47.1215959
47.37968987
47.74172855
47.91496971
48.1327586
48.5711648
48.71612169
48.97916541
49.2909995
49.58869146
49.79233821
50.1564982
50.31983987
50.49803078
50.73066891
51.00573345
51.10048576
51.29140459
51.5530341
51.62586609
51.8556758
52.02113879
52.1272048
52.14063983
52.18660177
52.19932969
52.30963835
52.49490033
52.74875166
52.94249892
53.17089441
53.38444066
53.51101277
53.85113113
54.03427179
54.30792212
54.60561407
54.84532327
55.09988171
55.50081126
55.6620316
55.87487074
56.10680177
56.32529776
56.42570693
56.68875065
56.84077861
57.07270963
57.28979141
57.51960112
57.59172601
58.00750479
58.1022571
58.32287442
58.5611694
58.84118369
58.92745072
59.20887922
59.35525032
59.47687269
59.81345551
59.99447485
60.16913022
60.30135919
60.59127297
60.67046893
60.92502737
61.14493758
61.19443506
61.21776958
61.40303156
61.53879606
61.5642519
61.8661865
62.00477943
62.07195457
62.23176071
62.35055464
62.32085616
62.66451006
62.78966796
62.97492993
63.13049342
63.27757163
63.28252138
63.54202957
63.71385652
63.92457434
64.10630078
64.2752993
64.39338614
64.57440547
64.82896391
65.00291218
65.24615691
65.43495442
65.64920778
65.81325655
66.23327798
66.38459883
66.71411059
66.9962462
67.26565388
67.42899555
67.73305146
67.77547787
67.92538451
68.17640741
68.29944399
68.48965572
68.72370806
69.0199858
69.09069648
69.35798285
69.56940777
69.62597632
69.85437181
70.07357491
70.15206376
70.41086484
70.62370398
70.77219641
70.80613753
70.88745481
70.97160052
70.91856751
71.13140665
71.11867873
71.11726452
71.13140665
71.22333054
71.21908789
71.19292494
71.38242956
71.34000315
71.34283158
