0.06363961
0.070710678
0.370523953
0.420728535
0.579120454
0.769332178
0.956715475
1.018233765
1.069145453
1.252993216
1.423405951
1.563413093
1.682207032
1.847670019
2.013133006
2.14182644
2.272641195
2.395677775
2.541341772
2.67357074
2.83832662
2.962070306
3.052579974
3.162888632
3.279561251
3.37643488
3.371485133
3.485329324
3.651499418
3.715139028
3.819790832
3.908886286
4.014952304
4.142938631
4.177586863
4.089905622
4.171222902
4.171930009
4.25961125
4.168394475
4.216477736
4.204456921
4.344464064
4.433559518
4.521947866
4.543161069
4.509219944
4.519826545
4.570031127
4.573566661
4.609629107
4.599022505
4.489420954
4.285774201
4.290016841
4.294966589
4.212235096
4.300623443
4.412346315
4.467500644
4.429316877
4.559424525
4.717109337
4.818932714
4.826003782
4.617407281
4.798426617
4.83731749
4.872672829
4.852166733
4.891057605
4.928534265
5.080562223
4.987931234
4.800547937
4.747514929
4.697310347
4.763778385
4.8592378
4.683875319
4.490835167
4.574980874
4.378405189
4.206578241
4.203749814
4.272339172
4.210113775
4.171930009
4.164858941
4.066571099
4.107583292
3.918785781
3.814133978
3.697461359
3.727159844
3.734230911
3.646549671
3.513613596
3.41603286
3.420275501
3.341786648
3.172788127
3.184101836
3.300067348
3.381384628
3.517856236
3.56098975
3.505128314
3.58291006
3.530584158
3.598466409
3.758272542
3.811305551
3.830397434
3.744130406
3.607658798
3.708775067
3.792920774
3.700996893
3.808477123
3.744837513
3.616851186
3.482500897
3.450681092
3.359464317
3.385627268
3.321987658
3.324816085
3.178444981
3.305017095
3.401183618
3.437246063
3.44007449
3.49947146
3.646549671
3.619679613
3.522098877
3.306431309
3.097127702
3.016517529
2.858832716
2.952877918
3.116926691
3.27531861
3.459166374
4.07505638
4.217184843
4.297087909
4.469621964
4.687410852
4.833074849
5.153394221
5.632105512
5.881007099
6.086068066
6.469319941
6.653167704
6.843379428
7.168648548
7.305120156
7.635339023
7.75696139
8.141627479
8.440733647
8.882675385
9.086322138
9.506343566
9.927779208
10.22829959
10.48427224
11.04076528
11.376641
11.71110251
12.12546708
12.648019
13.03127087
13.33956943
13.67473804
13.85717159
14.13365034
14.41437173
14.84499976
15.43614103
15.94172238
16.47063825
16.8616683
17.32199482
17.12400492
17.54331924
17.7992919
18.16628032
18.66337638
19.11026787
19.4369512
19.80111119
20.25860928
20.48841898
20.87096375
20.86884243
20.78681805
21.31007706
21.68625787
21.97617165
22.44427634
22.51003727
22.90318864
23.43351873
23.51059337
23.80333558
24.12577627
24.27285448
24.36548547
24.41286162
24.22406411
24.17739506
24.0564798
23.84505488
24.09042093
24.82651909
25.25856133
25.25290448
25.04784351
25.15532374
25.41341772
25.57675938
25.40917508
25.58312334
25.6828254
26.02577219
26.00031634
26.12476714
26.30790779
26.57448705
26.90470592
26.75479928
26.92733333
27.04683438
27.34028369
27.39968066
27.74969852
27.98304376
28.32528344
28.4249855
28.45114845
28.71419217
28.94117345
29.20138874
29.17522579
29.18088265
29.42837002
29.66807922
29.66171526
29.74586096
29.91910213
30.28396922
30.29033319
30.17648899
30.40205606
30.60287438
30.96844859
30.97056991
31.04410901
31.38422738
31.57797463
31.80071327
31.6472711
31.80566302
32.07860624
32.30770883
32.21507784
32.3458926
32.48236421
32.74752925
32.98370292
32.69803178
32.99572373
33.24038268
33.52534671
33.34644869
33.50484061
33.51898275
33.77849094
34.13275143
33.91637676
33.98143058
34.25720223
34.9423887
34.91339732
35.16724866
35.26695071
35.64595995
36.11265042
35.9125392
36.10770067
36.51287286
36.87066889
37.11037809
37.12805576
37.49009443
37.67182087
38.11164129
38.39589822
38.5818673
39.10229789
39.45160864
39.89355038
40.00173772
40.58085817
40.84319479
41.31200658
41.43362895
41.72990669
42.00497123
42.65480236
42.96027249
43.04583241
43.60515388
44.10224994
44.53712061
44.78743641
45.14311112
45.77455748
46.40671094
46.777942
47.01340856
47.90789864
48.5916709
49.22594568
49.76688237
50.45560437
51.08210098
51.88396007
52.25660534
52.84916083
53.75213619
54.58510797
55.32403456
56.21003936
56.98502839
57.91982355
58.92037965
59.38848434
60.50924859
61.15625129
62.22751806
62.87452077
64.00518451
64.91028119
65.87265352
66.35207192
67.25858281
68.02296524
69.38697422
69.84871495
70.55865016
71.74446823
72.63683699
73.69961848
74.16418764
75.00918024
76.29470037
77.31859099
78.27672068
79.29990419
80.22338565
81.1468671
82.26763135
82.66785379
83.98802215
85.38102251
86.69270559
87.34112251
88.74260815
90.02388563
91.271222
92.30996186
93.22566514
94.13641867
96.05126384
97.08788238
98.02338465
99.43264846
101.2279926
102.3416858
103.8951994
