0.004242641
0.137178716
0.277892965
0.439113311
0.61730422
0.771453498
0.951765727
1.142684558
1.351281059
1.543614103
1.800293865
2.027275142
2.215365545
2.440225502
2.667913885
2.875803279
3.10844141
3.366535385
3.602001943
3.84878221
4.133746243
4.347292491
4.605386466
4.91651345
5.150565794
5.436944041
5.702109083
5.839287799
5.992022864
6.240924451
6.445985417
6.538616406
6.593063628
6.711857567
6.849743389
7.1636988
7.494624774
7.875755329
8.047582277
8.287291476
8.548920985
8.841663192
9.204408971
9.498565392
9.946871091
10.24173462
10.67448397
10.96510486
11.31158718
11.74221521
12.1063752
12.42174483
12.65438296
12.84105915
13.39825929
13.80696701
14.10890161
14.37548086
14.65549515
14.85843479
15.02743331
15.40290701
15.73807563
15.99687671
16.39992758
16.64670784
17.04410185
17.51503497
17.86717415
18.05738587
18.3423499
18.51559107
18.92217746
19.5833223
20.22466816
20.7295424
21.30088468
21.78383861
22.31063316
23.06935874
23.607467
24.29972454
24.94177749
25.64322742
26.65368301
27.52271724
27.94485999
28.62438961
29.18017554
29.67161475
30.63398708
31.65646349
32.54105407
33.69293102
35.10290194
35.33200454
36.39337181
37.92567221
38.59388812
41.56515081
43.89223923
45.70101837
47.13998067
48.6333902
49.83193619
50.94280094
52.27004037
53.14473146
54.13680227
55.13099441
55.57788589
56.79340245
57.97073524
59.1968584
60.28863127
61.01836547
61.51970418
61.97720226
62.37106074
