0.012020815
0.24395184
0.494974747
0.753068722
1.02601194
1.287641449
1.575433908
1.814436001
2.052730986
2.300925466
2.520128568
2.763373301
3.081571352
3.207436359
3.500178567
3.664934447
3.909593393
4.36072752
4.685289532
4.893886033
5.347848586
5.792618751
6.23456049
6.569729104
6.91550432
7.260572429
7.560385704
7.962729463
8.117585848
8.254764564
8.54114281
8.768124087
9.074301323
9.456138985
9.680998941
9.90090915
10.04303761
10.11021276
10.18445897
10.86469569
11.61140045
12.03778584
12.56175197
13.24905976
13.91515435
14.44053469
14.7658038
14.99985615
15.38876488
15.80242235
16.14041939
16.4543748
16.65095048
17.24562729
17.99869601
18.61175759
19.25876029
19.75019951
20.30669254
20.95157393
21.48968219
22.00516303
22.49730935
23.12451307
23.77292998
24.47791544
25.12421104
25.61565026
26.1000184
26.6105495
27.11400952
27.77232594
28.16759863
28.79480234
29.33786035
30.23730018
30.88995974
31.50372842
32.12386107
32.55519621
33.17603596
33.87960721
34.50963935
35.07461767
35.59646247
36.34811698
36.81268614
37.39604923
37.95890623
38.16820983
38.22477838
38.6440927
39.28261012
39.89142906
40.3234713
41.06734764
41.60121326
42.31185557
43.05785323
43.87456156
44.60217444
45.23362079
45.97891134
46.58207342
47.16260809
47.53242494
48.15680023
48.52378865
48.96360906
49.33625434
49.52717317
49.93305246
50.84168467
51.25322082
51.97729816
51.88183875
52.02820985
52.35277187
52.76077248
53.4721219
54.22024087
54.81845321
55.56020822
55.99649311
56.6944075
57.39515032
57.94952204
58.22882922
58.87653903
59.34959347
#59.92871392
#60.65561969
#61.35282698
#62.04225609
#62.78896085
#62.73309941
#62.30742113
#61.99912257
#61.70284483
#61.97225252
#61.49354123
#61.07988376
#60.58915165
#60.48379274
#61.16190815
#61.57839404
#61.93265454
#62.49763286
#63.29100666
#64.36227344
#65.19524523
#66.18943736
#66.61440854
#67.01816651
#67.47146186
#67.9887677
#68.76992261
#69.79356464
#70.74503788
#71.419383
#71.80851708
#72.66819163
#73.32463889
#74.0930921
#74.62021289
#75.04860679
#75.17793325
#75.46545369
#76.20388468
#76.94635713
