0.012020815
0.003535534
0.007071068
0.009192388
0.012727922
0.014142136
0.014849242
0.015556349
0.016263456
0.016970563
0.019091883
0.021213203
0.021213203
0.022627417
0.024041631
0.026162951
0.028284271
0.029698485
0.031819805
0.032526912
0.033234019
0.034648232
0.036062446
0.038183766
0.038890873
0.041012193
0.043133514
0.044547727
0.045961941
0.047376154
0.049497475
0.050911688
0.051618795
0.053033009
0.055154329
0.057275649
0.058689863
0.060104076
0.062932504
0.065053824
0.067882251
0.069296465
0.071417785
0.073539105
0.075660426
0.077074639
0.079195959
0.08131728
0.084145707
0.085559921
0.087681241
0.091216775
0.092630988
0.095459415
0.098994949
0.10323759
0.106773124
0.108187338
0.110308658
0.113844192
0.115965512
0.120208153
0.122329473
0.12303658
0.126572114
0.133643182
0.135057395
0.136471609
0.139300036
0.141421356
0.146371104
0.149199531
0.152735065
0.155563492
0.159806133
0.161220346
0.166170094
0.167584307
0.171119841
0.175362482
0.177483802
0.181019336
0.18455487
0.190211724
0.193747258
0.196575685
0.200111219
0.203646753
0.210010714
0.212132034
0.216374675
0.220617316
0.222738636
0.22627417
0.230516811
0.234759451
0.239709199
0.242537626
0.245366053
0.249608694
0.255265548
0.260215295
0.263750829
0.269407684
0.273650324
0.277892965
0.282842712
0.287085353
0.292035101
0.296277741
0.299813275
0.306177236
0.312541197
0.316783838
0.320319372
0.32739044
0.333754401
0.341532575
0.345068109
0.352846284
0.359917352
0.366988419
0.372645274
0.377595021
0.386787409
0.394565584
0.400929545
0.409414826
0.415778787
0.424971175
0.431335137
0.440527525
0.45042702
0.461033621
0.470226009
0.478004184
0.490024999
0.502045815
0.51406663
0.523259018
0.535279833
0.546593542
0.55790725
0.572049386
0.582655988
0.596798123
0.612354473
0.627203715
0.641345851
0.6569022
0.670337229
0.686600685
0.705692568
0.71842049
0.73821948
0.761554003
0.777110353
0.792666702
0.811051478
0.830143361
0.851356565
0.870448448
0.883883476
0.905803787
0.931259631
0.951058621
0.96873629
0.994192134
1.023890619
1.044396716
1.065609919
1.09389419
1.116521607
1.146927199
1.169554616
1.195717567
1.220466304
1.250871896
1.27420642
1.293298303
1.326532322
1.368958728
1.386636398
1.409970922
1.453104435
1.485631347
1.511087191
1.538664356
1.566948627
1.594525792
1.632709558
1.659579615
1.683621246
1.718976585
1.733118721
1.767059846
1.79039437
1.817971534
1.850498446
1.887975106
1.916259377
1.944543648
1.989798482
2.030810676
2.067580228
2.103642674
2.138998013
2.172232032
2.221729506
2.237285856
2.269812768
2.320724456
2.362443756
2.391435134
2.437397075
2.46921688
2.501743792
2.541341772
2.567504722
2.604274275
2.658721497
2.696198157
2.71741136
2.75913066
2.804385494
2.850347435
2.902673337
2.923179433
2.967020054
3.025709917
3.063186576
3.087935313
3.150867817
3.197536865
3.237134844
3.270368863
3.307138416
3.329058726
3.337544007
3.360171424
3.382091734
3.391284123
3.406840472
3.415325753
3.432296316
3.472601402
3.519977557
3.573717672
3.616144079
3.648670991
3.695340038
3.732816698
3.761808076
3.808477123
3.851610637
3.893329937
3.947777159
3.972525897
4.006467022
4.037579721
4.078591914
4.117482787
4.154959446
4.19809296
4.253247289
4.282238667
4.319008219
4.380526509
4.425074237
4.472450391
4.517705225
4.562960059
4.607507786
4.680339785
4.700138775
4.744686502
4.809740326
4.85711648
4.913685022
4.944090614
5.002780477
5.045206884
5.107432281
5.125817057
5.159758182
5.238247035
5.284208976
5.328756703
5.394517634
5.441186681
5.499876544
5.571294329
5.586850678
5.644126327
5.710594365
5.76009184
5.802518246
5.856258362
5.919190865
5.977173621
6.046470086
6.065561969
6.145465035
6.204154898
6.261430547
6.301735634
6.365375244
6.452349378
6.525181377
6.569729104
6.641146889
6.702665179
6.782568245
6.827823079
6.877320554
6.967830222
7.030762725
7.088745481
7.146021131
7.211782061
7.281078526
7.358153165
7.394922718
7.433813591
7.533515647
7.593619723
7.639581664
7.705342595
7.762618244
7.838278669
7.911110668
7.957072609
8.000913229
8.10627214
8.161426468
8.220116331
8.285877262
8.353759513
8.409620949
8.487402695
8.509323005
8.572255508
8.659229642
8.710848437
8.740546922
8.781559116
8.864997716
8.952678957
9.019854101
9.054502333
9.109656662
9.21996532
9.282897823
9.335223725
9.385428307
9.486544576
9.572104497
9.668271019
9.71635428
9.788479172
9.883938587
9.982933537
10.03455233
10.14203256
10.22617827
10.3124453
10.37820623
10.46235193
10.5528616
10.63135046
10.69216164
10.76994338
10.85762463
10.97076171
11.05561452
11.09026276
11.17158004
11.26491813
11.34906384
11.40280395
11.46290803
11.55271059
11.65170554
11.74504364
11.79878375
11.89141474
11.99323812
12.11273916
12.15587268
12.25628184
12.37366156
12.44578646
12.52215399
12.62185604
12.70670886
12.83045254
12.88065713
12.96056019
13.08218256
13.17552065
13.24623133
13.33037704
13.44422123
13.53897354
13.64362534
13.68888018
13.80908833
13.92505384
14.04314067
14.10607318
14.22062448
14.31254836
14.44831286
14.52468039
14.60316925
14.70852816
14.81317996
14.90156831
14.9842998
15.08329475
15.21835214
15.33785319
15.41492783
15.51109435
15.65251571
15.76565279
15.83494926
15.94950056
16.07112292
16.20193768
16.32426715
16.37022909
16.52154994
16.68842714
16.77469417
16.85389013
16.97126986
17.06531506
17.20673641
17.30502426
17.382806
17.48745781
17.5914025
17.64584972
17.69393299
17.80636296
17.90323659
18.04253663
18.12951076
18.21012094
18.34447122
18.45972963
18.57498803
18.63650632
18.76237133
18.85358811
18.95823991
19.01198003
19.07844806
19.14703742
19.24815369
19.31603594
19.39876744
19.46735679
19.55574514
19.6561543
19.73747158
19.80747515
19.89657061
19.97223103
20.04011329
20.10233868
20.15961433
20.22608237
20.31729914
20.3653824
20.43326466
20.49407584
20.55417992
20.61216267
20.66873121
20.73307793
20.80520282
20.87025665
21.02652725
21.3341187
21.57312079
21.71666346
21.75767566
21.84677111
21.9287955
21.99597064
22.05678183
22.09072295
22.18193973
22.27739914
22.31558291
22.33821032
22.40255704
22.47256061
22.50791595
22.5446855
22.57226267
22.66277234
22.87207594
23.02905365
23.12875571
23.23482172
23.33805931
23.41513395
23.46887407
23.55160556
23.58413247
23.64211523
23.73686754
23.79697161
23.93910008
24.08900671
24.41427583
24.73883785
25.04077244
25.27765321
25.5060487
25.78111324
25.99395238
26.20679152
26.39276061
26.53276775
26.70742313
26.93086887
27.02915671
27.19603391
27.37493193
27.46897713
27.55170862
27.6853518
27.7786899
27.81404524
27.85081479
27.87697774
27.90596912
27.9144544
27.95970923
28.01627778
28.05375444
28.07496764
28.1025448
28.11527273
28.1442641
28.17325548
28.20861082
28.24608748
28.3309403
28.38680173
28.4143789
28.45821952
28.47872561
28.49993882
28.55367893
28.59044848
28.6229754
28.64348149
28.65691652
28.70287846
28.73116273
28.76156832
28.82520794
28.84571403
28.86904856
28.89803993
28.90581811
28.94541609
29.00834859
29.12148568
29.18724661
29.33078928
29.50544466
29.65110866
29.68080714
29.87526151
29.98839859
30.11779913
30.18638849
30.24083571
30.32003167
30.48054491
30.55549823
30.57953986
30.66934242
30.79803585
30.84258358
30.91046583
30.97693387
31.03067399
31.10279888
31.13886132
31.16219585
31.22512835
31.2618979
31.28311111
31.39907662
31.45140252
31.54191219
31.60767312
31.64585689
31.76818636
31.95415544
32.06729253
32.08072756
32.23911947
32.38195504
32.50428452
32.59408708
32.65065562
32.78005616
32.92359884
32.99006688
33.0445141
33.19442074
33.29058726
33.37544007
33.42564465
33.5246396
33.69363812
33.82303866
33.87607167
33.98920876
34.11931641
34.29467889
34.43822156
34.5145891
34.63055461
34.77621861
34.97138008
35.05057604
35.18421922
35.37443094
35.54130814
35.65868787
35.78313866
35.90900367
36.11477174
36.31134743
36.37781546
36.51287286
36.72076225
36.82894959
36.99370547
37.12381312
37.30200403
37.48231626
37.71354017
37.79344324
37.8938524
38.18871593
38.35559313
38.50196424
38.6752054
38.89652982
39.05845727
39.28968119
39.30877307
39.50252033
39.76697827
39.91759201
40.00456615
40.19336366
40.33619923
40.5320678
40.74137141
40.81208209
40.91531968
41.13947253
41.29079338
41.41100153
41.61111275
41.71293613
41.87910622
42.0954809
42.17609107
42.37478808
42.62298256
42.73258411
42.80753743
43.10593649
43.29685532
43.46019699
43.61505337
43.80526509
44.02941794
44.24649973
44.38367844
44.66369273
44.76763742
45.03138825
45.23644922
45.380699
45.55181884
45.84880369
45.99376058
46.12811087
46.46327948
46.65136989
46.82107552
47.00845881
47.22129795
47.47373508
47.72192956
47.79617577
48.06841188
48.26145203
48.47287696
48.67864503
48.88936285
49.11775834
49.43454218
49.54626505
49.66930163
50.06528143
50.23569416
50.38489369
50.57722674
50.76036739
50.99441974
51.26948428
51.31120358
51.59899604
51.89385956
