0.115258405
0.49426764
1.029547473
1.437548086
1.781909089
2.12202745
2.436689968
2.730139282
3.014396208
3.31279527
3.625336467
3.923735529
4.225670124
4.536090001
4.855702266
5.114503348
5.380375498
5.6830172
5.930504574
6.262844761
6.556294075
6.842672322
7.147435344
7.425328309
7.826257854
8.135970624
8.518515393
8.900353055
9.205116077
9.579175565
9.926364994
10.27496864
10.70064692
11.05915006
11.46856488
11.83060356
12.0017234
12.2315331
12.31426459
12.47407073
12.55114537
12.56811593
12.62114894
12.93369013
12.99520842
13.35866131
13.66908119
14.02617011
14.78206726
15.6100893
16.30446816
17.07521455
17.5178634
18.06799247
18.65984085
19.03531455
19.59392891
20.13981534
20.61145556
20.98339373
21.59928374
21.97758587
22.27598493
22.61468908
22.96894957
23.28219788
23.33523089
23.4412969
23.43493294
23.78070816
23.91576555
24.46801595
25.13623186
25.64888427
26.1516372
26.19264939
26.01021584
26.15305141
26.43447991
26.44862204
26.22376209
26.21810523
25.97273918
26.44155098
26.19264939
26.4443794
26.51862561
27.35371872
27.1111811
26.37720426
25.9331412
25.58807309
25.58029492
25.57039542
25.87162291
26.29305855
26.52286826
26.77247695
26.77035563
27.00935772
27.22361108
27.46332027
27.39897356
27.24906692
27.2469456
27.14865776
26.96056735
26.43094437
26.10850368
25.45655123
25.04077244
24.59388096
#10.24951279
#9.499979605
#8.933587074
#8.43790522
#7.853835019
#7.612711606
#7.71524209
#8.161426468
#8.816914455
#9.090564779
#8.865704823
#8.893989094
#8.948436316
#9.379771452
#9.514121741
#9.649886243
#9.967377188
#10.70206113
#10.96651907
#10.7303454
#10.34567932
#9.380478559
