0
0
0.141421356
0.282842712
0.424264069
0.636396103
0.848528137
1.060660172
1.272792206
1.48492424
1.697056275
1.909188309
2.192031022
2.474873734
2.757716447
3.111269837
3.39411255
3.74766594
4.030508653
4.313351365
4.808326112
5.374011537
5.939696962
6.505382387
7.212489168
7.848885271
8.697413409
9.333809512
10.04091629
10.81873375
12.02081528
13.29360749
14.91995308
16.68772004
18.66761902
20.64751801
23.19310242
25.59726548
27.57716447
31.11269837
34.64823228
38.11305551
42.0021428
45.67909806
48.86107858
50.69955621
55.86143571
65.12453455
73.32697321
81.1051478
89.16616511
97.5807358
106.8438346
116.0362228
126.5014032
137.4615583
148.3510027
159.6647112
171.5441051
183.5649204
196.7878172
209.5864499
222.6679254
236.9514824
251.0229073
265.377175
279.5900213
293.8735783
308.5813993
323.9256165
340.3304938
356.8767925
371.3017708
387.4238054
401.6366517
415.7080767
430.4866084
443.0023984
453.8211322
465.1348407
478.8527122
492.8534265
506.4298767
