0.002828427
0.00212132
0.016263456
0.024041631
0.038183766
0.049497475
0.055861436
0.062932504
0.064346717
0.070003571
0.057982756
0.034648232
0.024748737
0.012020815
0.038183766
0.086974134
0.159806133
0.24607316
0.345775216
0.460326515
0.598212337
0.736098159
0.900146932
1.07197388
1.237436867
1.397950106
1.586747617
1.721097905
1.863933475
1.961514211
2.15950411
2.275469622
2.403455949
2.521542782
2.688419982
2.855297182
3.027831237
3.044094693
3.135311468
3.150867817
3.292289173
3.495228819
3.561696857
3.731402484
3.962626402
4.043943682
3.9520198
3.825447686
3.700289786
3.589274021
3.495228819
3.391284123
3.270368863
3.217335854
3.18975869
3.046216013
2.913987045
2.785293611
2.699733691
2.742867204
2.709633186
2.75488802
2.78105097
2.812870776
2.812870776
2.780343864
2.798021533
2.868025104
2.889945415
2.752059592
2.57245447
2.518007248
2.536392024
2.638922507
2.692662623
2.703269224
2.82277027
2.942271317
3.030659664
3.18975869
3.331887153
3.580081633
3.576546099
3.454216626
3.336129794
3.394819656
3.470480082
3.647256777
3.759686756
3.826154793
3.900401005
3.973233003
3.955555334
3.937170558
4.029801546
4.090612729
4.126675175
4.162737621
4.234862513
4.262439677
4.118897
3.825447686
3.448559772
3.08439978
2.711754506
2.300218359
1.905652775
1.620688742
1.364716088
1.001263202
0.869034234
0.765089537
0.782767207
0.717006276
0.752361615
0.68094383
0.725491557
0.788424061
1.003384523
1.091065763
1.21480945
1.226123159
1.368251622
1.498359269
1.635537985
1.757867458
1.856155301
2.099400033
2.241528496
2.462852919
2.498208258
2.641043828
2.708218972
2.732260603
2.869439318
3.102077449
3.250569873
3.667762874
3.827569007
4.187486358
4.420831596
4.741858075
4.614578854
4.452651401
4.666197649
4.954697216
5.144201833
5.477249127
5.925554826
6.336383866
6.807316982
7.136121636
7.561799918
8.171325963
8.476088986
8.783680436
9.123798798
9.365629317
9.263098834
9.441996849
9.452603451
9.40664151
9.104706915
