0
0.00212132
0.200111219
0.414364574
0.628617928
0.832971788
0.984292639
1.06773124
1.233194226
1.37956533
1.481388707
1.577555229
1.689985207
1.789687263
1.89575328
2.032931996
2.129805625
2.254256418
2.359615329
2.445882356
2.537099131
2.653064643
2.786707825
2.908330191
2.990354578
3.139554108
3.256226727
3.370070919
3.534826799
3.699582679
3.78938524
3.911007607
4.125968068
4.333150355
4.469621964
4.598315398
4.764485492
4.909442382
5.130766804
5.262288666
5.515432893
5.662511104
5.864743643
6.110109696
6.289714819
6.478512329
7.014499269
6.923282495
7.022277444
7.204003887
7.499574521
8.185468099
8.690342341
9.116020623
9.451189237
9.956770586
10.44608848
10.91207185
11.38795471
11.80939035
12.23506863
12.71802257
13.20734046
13.75605532
14.17324832
14.79125965
15.38452224
16.00536199
16.58660377
17.01157494
17.39553392
17.62746495
17.73140965
18.08213461
18.54246112
19.04662826
19.47796339
19.84919445
20.25719507
20.68428756
21.34613951
21.96839348
21.86939853
22.35588799
22.6486302
23.04673132
23.19663796
23.47311671
23.55372688
20.40990937
20.44628243
20.57387684
20.60736316
20.78345499
20.93587546
21.28459502
21.63504664
21.91737092
22.0917307
22.3134332
22.50684554
22.70834079
22.9496732
23.12518768
23.3780671
23.62113156
24.04028786
24.30298223
24.81797867
25.42073235
25.98133946
26.53039957
27.20647674
10.598
10.154
9.568
9.059
8.959
8.609
8.1265
7.3725
6.4755
5.916
4.8835

