0.006363961
0.036769553
0.062225397
0.091923882
0.124450793
0.159099026
0.190211724
0.22627417
0.258801082
0.296984848
0.332340187
0.375473701
0.409414826
0.445477272
0.487196572
0.515480843
0.561442784
0.589727056
0.625082395
0.662559054
0.693671752
0.721248917
0.750947402
0.78418142
0.811758585
0.849235244
0.870448448
0.906510893
0.930552524
0.953887048
0.972271824
1.004798736
1.035204328
1.048639356
1.074802307
1.087530229
1.121471355
1.145512986
1.168847509
1.184403858
1.199253101
1.224708945
1.246629255
1.27420642
1.289762769
1.307440438
1.320875467
1.326532322
1.336431816
1.349866845
1.367544515
1.389464825
1.40148564
1.411385135
1.428355698
1.440376513
1.461589717
1.475024746
1.494116629
1.501187696
1.512501405
1.521693793
1.534421715
1.542906997
1.547149637
1.552806491
1.560584666
1.56624152
1.574019695
1.581090763
1.58604051
1.590990258
1.594525792
1.596647112
1.600889753
1.602303966
1.615031888
1.629881131
1.641194839
1.646144587
1.650387227
1.655336975
1.659579615
1.662408043
1.668772004
1.676550178
1.680085712
1.68715678
1.697056275
1.706248663
1.723219226
1.729583187
1.733825827
1.735947148
1.740189789
1.743018216
1.74655375
1.749382177
1.760695885
1.771302487
1.775545128
1.779787768
1.786151729
1.799586758
1.81019336
1.815850214
1.834942097
1.841306058
1.860397941
1.866054796
1.880904038
1.885146679
1.895046174
1.902117241
1.914138057
1.924037552
1.934644153
1.95515025
1.968585279
1.978484774
1.985555842
1.993334016
2.000405084
2.005354831
2.013840113
2.020911181
2.031517782
2.046367025
2.062630481
2.077479723
2.10010714
2.12202745
2.146069081
2.160918323
2.185667061
2.210415798
2.233043215
2.249306671
2.270519874
2.286076224
2.295975719
2.316481815
2.336280805
2.361029542
2.370221931
2.397091988
2.412648337
2.431740221
2.458610278
2.479823482
2.502450899
2.521542782
2.529320956
2.559019441
2.573161577
2.598617421
2.602860062
2.619123518
2.641043828
2.67357074
2.696198157
2.714582933
2.740745884
2.748524058
2.783879398
2.814992096
2.834791086
2.854590076
2.88216724
2.898430696
2.922472327
2.962070306
2.979747976
3.010860674
3.02288149
3.057529722
3.073086071
3.111976944
3.137432788
3.14803939
3.174202341
3.196829758
3.235013524
3.25127698
3.293703387
3.317037911
3.345322182
3.375020667
3.403304938
3.426639462
3.466944548
3.527048625
3.566646604
3.595637982
3.634528855
3.66422734
3.696047145
3.708775067
3.756151222
3.801406056
3.835347181
3.903229432
3.93222081
3.956262441
3.988082246
4.047479216
4.080713234
4.122432534
4.145767058
4.166980262
4.209406668
4.238398046
4.271632065
4.28365288
4.32112954
4.325372181
4.344464064
4.399618393
4.442751906
4.490835167
4.50992705
4.548110817
4.599022505
4.631549417
4.683168212
4.722766192
4.740443861
4.756707317
4.806911899
4.850045412
4.903785528
4.932069799
4.984395701
5.012679972
5.054399272
5.086219077
5.115210455
5.157636862
5.188042454
5.217740938
5.24814653
5.316028781
5.332999344
5.383911032
5.41078109
5.441893788
5.47654202
5.524625281
5.55998062
5.611599415
5.656854249
5.697866443
5.747363917
5.776355296
5.818781702
5.851308614
5.886663953
5.921312186
5.937575642
6.003336572
6.035156377
6.057076688
6.083946745
6.124958939
6.146879249
6.196376724
6.231024956
6.23456049
6.253652373
6.284057964
6.341333614
6.376688953
6.412044292
6.458713339
6.48487629
6.52447427
6.547808794
6.587406774
6.634782928
6.668724053
6.730242343
6.759233721
6.840551001
6.882977408
6.960052047
7.013792163
7.067532278
7.12410082
7.160870373
7.237945012
7.254208468
7.340475495
7.369466874
7.448662833
7.486846599
7.525030365
7.583013121
7.617661354
7.701099954
7.713120769
7.779588807
7.809994398
7.875755329
7.913939095
7.976871599
8.022126433
8.075159441
8.119707168
8.153648294
8.210216836
8.230722933
8.300726504
8.33254631
8.375679823
8.425177298
8.45982553
8.529121995
8.548213878
8.635895119
8.671250458
8.712969758
8.751153524
8.797115465
8.85085558
8.866411929
8.904595695
8.942072355
8.990155616
9.052381013
9.106121128
9.153497282
9.204408971
9.275826756
9.306232347
9.367750637
9.397449122
9.462502946
9.509171993
9.553012614
9.586246633
9.618066438
9.664028378
9.708576106
9.770801502
9.805449735
9.873331986
9.893838082
9.921415247
9.949699518
10.01404624
10.03384523
10.06354371
10.13496149
10.18870161
10.27355442
10.31668794
10.35062906
10.39517679
10.46447325
10.50619255
10.59316669
10.65751341
10.72398144
10.80529872
10.83782564
10.90146525
10.95308404
11.04076528
11.07965615
11.08672722
11.1263252
11.16663029
11.17723689
11.23663386
11.34269988
11.37876232
11.45300853
11.50816286
11.55058927
11.61917863
6.588
6.6135
6.6885
6.735
6.7695
6.8
6.8595
6.918
6.9575
6.966
7.024
7.071
7.105
7.1475
7.186
7.2085
7.2625
7.3115
7.3655
7.3855
7.371
7.452
7.4875
7.4805
7.4775
7.4875
7.469
7.786
8.5505
8.498
8.5395
8.757
8.889
9.1915
9.3085
9.428
9.5645
9.6345
9.667
9.747
9.771
9.794
9.799
9.821
9.8855
9.931
10.012
10.033
10.024
9.9615
10.0005
10.082
10.1705
10.1095
10.0505
10.0525
10.06
10.038
10.013
9.9915
9.968
9.9425
9.9605
9.955
9.9545
9.953
9.9285
9.8745
9.8485
9.816
9.7775
9.757
9.7265
9.6575
9.6005
9.675
9.8095
9.7475
9.763
9.6815
9.618
9.665
9.626
